==================================================================
 n = 18
 t = 9
 s = 5
==================================================================
offset           #collisions     log2(#collisions)
(   0,                    1,         0.0000000000)
(   1,                    0,                 -inf)
(   2,                    0,                 -inf)
(   3,                    0,                 -inf)
(   4,                    1,         0.0000000000)
(   5,                    0,                 -inf)
(   6,                    0,                 -inf)
(   7,                    1,         0.0000000000)
(   8,                    0,                 -inf)
(   9,                    1,         0.0000000000)
(  10,                    1,         0.0000000000)
(  11,                    1,         0.0000000000)
(  12,                    0,                 -inf)
(  13,                    0,                 -inf)
(  14,                    0,                 -inf)
(  15,                    0,                 -inf)
(  16,                    2,         1.0000000000)
(  17,                    2,         1.0000000000)
(  18,                    0,                 -inf)
(  19,                    0,                 -inf)
(  20,                    0,                 -inf)
(  21,                    0,                 -inf)
(  22,                    0,                 -inf)
(  23,                    0,                 -inf)
(  24,                    0,                 -inf)
(  25,                    0,                 -inf)
(  26,                    1,         0.0000000000)
(  27,                    0,                 -inf)
(  28,                    1,         0.0000000000)
(  29,                    0,                 -inf)
(  30,                    0,                 -inf)
(  31,                    0,                 -inf)
==================================================================
# Function call (real) = 16673
# Function call (if without collision) = 16384

Takes time: 0.0000251333 mins.

