==================================================================
 n = 20
 t = 10
 s = 5
==================================================================
offset           #collisions     log2(#collisions)
(   0,                    1,         0.0000000000)
(   1,                    0,                 -inf)
(   2,                    1,         0.0000000000)
(   3,                    0,                 -inf)
(   4,                    0,                 -inf)
(   5,                    0,                 -inf)
(   6,                    0,                 -inf)
(   7,                    0,                 -inf)
(   8,                    0,                 -inf)
(   9,                    0,                 -inf)
(  10,                    1,         0.0000000000)
(  11,                    0,                 -inf)
(  12,                    1,         0.0000000000)
(  13,                    2,         1.0000000000)
(  14,                    2,         1.0000000000)
(  15,                    1,         0.0000000000)
(  16,                    0,                 -inf)
(  17,                    0,                 -inf)
(  18,                    1,         0.0000000000)
(  19,                    2,         1.0000000000)
(  20,                    0,                 -inf)
(  21,                    0,                 -inf)
(  22,                    1,         0.0000000000)
(  23,                    0,                 -inf)
(  24,                    0,                 -inf)
(  25,                    0,                 -inf)
(  26,                    2,         1.0000000000)
(  27,                    0,                 -inf)
(  28,                    0,                 -inf)
(  29,                    1,         0.0000000000)
(  30,                    0,                 -inf)
(  31,                    0,                 -inf)
==================================================================
# Function call (real) = 33532
# Function call (if without collision) = 32768

Takes time: 0.0000496000 mins.

