==================================================================
 n = 31
 t = 16
 s = 8
==================================================================
offset           #collisions     log2(#collisions)
(   0,                    1,         0.0000000000)
(   1,                    0,                 -inf)
(   2,                    0,                 -inf)
(   3,                    2,         1.0000000000)
(   4,                    1,         0.0000000000)
(   5,                    2,         1.0000000000)
(   6,                    0,                 -inf)
(   7,                    0,                 -inf)
(   8,                    3,         1.5849625007)
(   9,                    1,         0.0000000000)
(  10,                    2,         1.0000000000)
(  11,                    1,         0.0000000000)
(  12,                    1,         0.0000000000)
(  13,                    0,                 -inf)
(  14,                    2,         1.0000000000)
(  15,                    1,         0.0000000000)
(  16,                    1,         0.0000000000)
(  17,                    2,         1.0000000000)
(  18,                    0,                 -inf)
(  19,                    0,                 -inf)
(  20,                    2,         1.0000000000)
(  21,                    0,                 -inf)
(  22,                    1,         0.0000000000)
(  23,                    1,         0.0000000000)
(  24,                    0,                 -inf)
(  25,                    0,                 -inf)
(  26,                    1,         0.0000000000)
(  27,                    0,                 -inf)
(  28,                    0,                 -inf)
(  29,                    1,         0.0000000000)
(  30,                    1,         0.0000000000)
(  31,                    2,         1.0000000000)
(  32,                    2,         1.0000000000)
(  33,                    1,         0.0000000000)
(  34,                    0,                 -inf)
(  35,                    1,         0.0000000000)
(  36,                    1,         0.0000000000)
(  37,                    2,         1.0000000000)
(  38,                    1,         0.0000000000)
(  39,                    4,         2.0000000000)
(  40,                    0,                 -inf)
(  41,                    0,                 -inf)
(  42,                    1,         0.0000000000)
(  43,                    1,         0.0000000000)
(  44,                    1,         0.0000000000)
(  45,                    1,         0.0000000000)
(  46,                    0,                 -inf)
(  47,                    2,         1.0000000000)
(  48,                    2,         1.0000000000)
(  49,                    1,         0.0000000000)
(  50,                    1,         0.0000000000)
(  51,                    0,                 -inf)
(  52,                    3,         1.5849625007)
(  53,                    0,                 -inf)
(  54,                    3,         1.5849625007)
(  55,                    1,         0.0000000000)
(  56,                    1,         0.0000000000)
(  57,                    1,         0.0000000000)
(  58,                    0,                 -inf)
(  59,                    1,         0.0000000000)
(  60,                    1,         0.0000000000)
(  61,                    1,         0.0000000000)
(  62,                    1,         0.0000000000)
(  63,                    1,         0.0000000000)
(  64,                    1,         0.0000000000)
(  65,                    1,         0.0000000000)
(  66,                    0,                 -inf)
(  67,                    1,         0.0000000000)
(  68,                    1,         0.0000000000)
(  69,                    1,         0.0000000000)
(  70,                    0,                 -inf)
(  71,                    1,         0.0000000000)
(  72,                    2,         1.0000000000)
(  73,                    1,         0.0000000000)
(  74,                    3,         1.5849625007)
(  75,                    1,         0.0000000000)
(  76,                    2,         1.0000000000)
(  77,                    1,         0.0000000000)
(  78,                    0,                 -inf)
(  79,                    0,                 -inf)
(  80,                    1,         0.0000000000)
(  81,                    0,                 -inf)
(  82,                    1,         0.0000000000)
(  83,                    1,         0.0000000000)
(  84,                    1,         0.0000000000)
(  85,                    1,         0.0000000000)
(  86,                    0,                 -inf)
(  87,                    0,                 -inf)
(  88,                    1,         0.0000000000)
(  89,                    0,                 -inf)
(  90,                    2,         1.0000000000)
(  91,                    1,         0.0000000000)
(  92,                    1,         0.0000000000)
(  93,                    0,                 -inf)
(  94,                    1,         0.0000000000)
(  95,                    1,         0.0000000000)
(  96,                    1,         0.0000000000)
(  97,                    0,                 -inf)
(  98,                    1,         0.0000000000)
(  99,                    2,         1.0000000000)
( 100,                    1,         0.0000000000)
( 101,                    0,                 -inf)
( 102,                    1,         0.0000000000)
( 103,                    0,                 -inf)
( 104,                    1,         0.0000000000)
( 105,                    2,         1.0000000000)
( 106,                    1,         0.0000000000)
( 107,                    0,                 -inf)
( 108,                    2,         1.0000000000)
( 109,                    1,         0.0000000000)
( 110,                    1,         0.0000000000)
( 111,                    2,         1.0000000000)
( 112,                    1,         0.0000000000)
( 113,                    0,                 -inf)
( 114,                    0,                 -inf)
( 115,                    1,         0.0000000000)
( 116,                    3,         1.5849625007)
( 117,                    1,         0.0000000000)
( 118,                    1,         0.0000000000)
( 119,                    4,         2.0000000000)
( 120,                    0,                 -inf)
( 121,                    1,         0.0000000000)
( 122,                    1,         0.0000000000)
( 123,                    0,                 -inf)
( 124,                    1,         0.0000000000)
( 125,                    3,         1.5849625007)
( 126,                    0,                 -inf)
( 127,                    1,         0.0000000000)
( 128,                    1,         0.0000000000)
( 129,                    2,         1.0000000000)
( 130,                    0,                 -inf)
( 131,                    1,         0.0000000000)
( 132,                    3,         1.5849625007)
( 133,                    2,         1.0000000000)
( 134,                    0,                 -inf)
( 135,                    2,         1.0000000000)
( 136,                    3,         1.5849625007)
( 137,                    1,         0.0000000000)
( 138,                    1,         0.0000000000)
( 139,                    2,         1.0000000000)
( 140,                    1,         0.0000000000)
( 141,                    2,         1.0000000000)
( 142,                    2,         1.0000000000)
( 143,                    3,         1.5849625007)
( 144,                    0,                 -inf)
( 145,                    2,         1.0000000000)
( 146,                    2,         1.0000000000)
( 147,                    2,         1.0000000000)
( 148,                    1,         0.0000000000)
( 149,                    0,                 -inf)
( 150,                    3,         1.5849625007)
( 151,                    0,                 -inf)
( 152,                    0,                 -inf)
( 153,                    3,         1.5849625007)
( 154,                    1,         0.0000000000)
( 155,                    0,                 -inf)
( 156,                    0,                 -inf)
( 157,                    3,         1.5849625007)
( 158,                    0,                 -inf)
( 159,                    1,         0.0000000000)
( 160,                    1,         0.0000000000)
( 161,                    0,                 -inf)
( 162,                    2,         1.0000000000)
( 163,                    1,         0.0000000000)
( 164,                    0,                 -inf)
( 165,                    0,                 -inf)
( 166,                    0,                 -inf)
( 167,                    0,                 -inf)
( 168,                    1,         0.0000000000)
( 169,                    1,         0.0000000000)
( 170,                    0,                 -inf)
( 171,                    1,         0.0000000000)
( 172,                    0,                 -inf)
( 173,                    0,                 -inf)
( 174,                    0,                 -inf)
( 175,                    0,                 -inf)
( 176,                    0,                 -inf)
( 177,                    2,         1.0000000000)
( 178,                    0,                 -inf)
( 179,                    0,                 -inf)
( 180,                    0,                 -inf)
( 181,                    2,         1.0000000000)
( 182,                    1,         0.0000000000)
( 183,                    1,         0.0000000000)
( 184,                    0,                 -inf)
( 185,                    1,         0.0000000000)
( 186,                    1,         0.0000000000)
( 187,                    1,         0.0000000000)
( 188,                    0,                 -inf)
( 189,                    0,                 -inf)
( 190,                    0,                 -inf)
( 191,                    1,         0.0000000000)
( 192,                    2,         1.0000000000)
( 193,                    0,                 -inf)
( 194,                    0,                 -inf)
( 195,                    0,                 -inf)
( 196,                    0,                 -inf)
( 197,                    0,                 -inf)
( 198,                    0,                 -inf)
( 199,                    2,         1.0000000000)
( 200,                    1,         0.0000000000)
( 201,                    1,         0.0000000000)
( 202,                    0,                 -inf)
( 203,                    0,                 -inf)
( 204,                    0,                 -inf)
( 205,                    0,                 -inf)
( 206,                    2,         1.0000000000)
( 207,                    0,                 -inf)
( 208,                    3,         1.5849625007)
( 209,                    1,         0.0000000000)
( 210,                    3,         1.5849625007)
( 211,                    1,         0.0000000000)
( 212,                    1,         0.0000000000)
( 213,                    0,                 -inf)
( 214,                    0,                 -inf)
( 215,                    1,         0.0000000000)
( 216,                    0,                 -inf)
( 217,                    1,         0.0000000000)
( 218,                    0,                 -inf)
( 219,                    1,         0.0000000000)
( 220,                    1,         0.0000000000)
( 221,                    0,                 -inf)
( 222,                    1,         0.0000000000)
( 223,                    0,                 -inf)
( 224,                    1,         0.0000000000)
( 225,                    1,         0.0000000000)
( 226,                    0,                 -inf)
( 227,                    2,         1.0000000000)
( 228,                    1,         0.0000000000)
( 229,                    0,                 -inf)
( 230,                    0,                 -inf)
( 231,                    1,         0.0000000000)
( 232,                    0,                 -inf)
( 233,                    0,                 -inf)
( 234,                    1,         0.0000000000)
( 235,                    1,         0.0000000000)
( 236,                    2,         1.0000000000)
( 237,                    0,                 -inf)
( 238,                    0,                 -inf)
( 239,                    3,         1.5849625007)
( 240,                    1,         0.0000000000)
( 241,                    0,                 -inf)
( 242,                    1,         0.0000000000)
( 243,                    2,         1.0000000000)
( 244,                    1,         0.0000000000)
( 245,                    2,         1.0000000000)
( 246,                    1,         0.0000000000)
( 247,                    0,                 -inf)
( 248,                    2,         1.0000000000)
( 249,                    2,         1.0000000000)
( 250,                    0,                 -inf)
( 251,                    2,         1.0000000000)
( 252,                    0,                 -inf)
( 253,                    1,         0.0000000000)
( 254,                    0,                 -inf)
( 255,                    1,         0.0000000000)
==================================================================
# Function call (real) = 16810499
# Function call (if without collision) = 16777216

Takes time: 0.0306922333 mins.

